004154
000081
100001303
000428
003079
003265
100001438
000215
004315
004234
000356
145229830
256418402345
004056
000610
001118
001565
004272
14432027920
000639
5359201799
001626
001142
002374
004134
100001643
033146134
000118
001585
004518
100001241
002654
000774
001953
144001884
100001144
145929830
004610
004282
100001180
001126
000988
000799
001978
000955
003948
004209
004181
100000731
100001042
182164920
100001592
14389201840
100000863
002101
000743
001624
000457
000302
11491840920
000006
100000892
226826640
004077
003413
001640
004226
100001110
002078
24759201497
100001122
000853
100000811
003171
18969201840
000697
000680
100001581
110341434
100000890
003317
100001406
001767
004728
004676
000410
200920
004262
000245
100001609
002866
100000795
001210
004206
004563
003150
100001244
002236
000914
000541
000977
001694
100001625
000182
100001032
000965
100000664
115818401798
000950
002099
001219
100001517
004288
100001622
100001222
000766
100000742
004046
100001410
004176
000202
100000765
000155
100001657
004299
001307
004506
001758
000734
200918402252
001136
000366
9279200
000551
1378920920
100001490
002270
100001397
001110
002436
001890
100001446
001198
000130
100001507
100000967
000346
100000769
25453205920
143818401884
000095
100000837
001777
100001415
001153
004314
100000881
001306
100001017
100000900
100001503
100000741
003666
004245
100001364
100001147
100001538
145227601840
000802
001311
000778
13972364920
004055
000558
000398
100000825
100001586
192001595
25609202345
003103
004165
100001158
003217
001539
145929831840
004375
004254
000298
100001596
001230
146729841840
004259
004302
200918401840
001542
100001660
004213
000359
100001656
001369
001687
137902128
132723630
100000852
000978
238227601837
000059
000044
100001172
004115
003737
001756
001090
100000635
000437
100001409
000030
100001341
001299
000922
003355
004177
100001098
100000936
004624
14400
100001022
25131840920
144118401840
004227
25452760920
185801840
100001545
004436
100001359
000192
001079
1858920920
100001301
229218401796
002935
001562
20102760920
004527
100001535
100001445
144818401840
002504
100001424
004089
13740920
004383
003786
002367
100001616
001984
248701498
001316
004571
13971840920
100001123
100001430
004561
003422
100001593
001054
100001263
004629
100000694
004371
004430
257301833
004543
001127
003236
1829920920
100001413
100001249
19189201595
004588
000677
004464
001685
190718400
100001185
2000000009
000032
100001285
000760
256227601840
100000942
201018401840
145618400
19209200
001290
003125
000625
255502345
001321
100000909
100001224
002244
004418
146529842218
100000905
001159
000671
001056
003354
002707
100001242
004456
000962
100001253
25629202345
144318401884
000603
003193
001362
100000928
002581
100000788
000683
100000786
000640
100001610
000517
000210
004069
000234
100000882
13780920
100000730
002614
100000707
000832
100000771
000626
002235
003288
000731
004091
000525
004422
100001225
100000802
000768
18580920
004523
004466
166169995
185620131840
004121
001522
003592
003972
001144
100000898
100001569
004271
100001071
003198
100000753
100001116
18200920
19071840920
2000000020
114900
001055
004686
100001152
003197
100001523
100001139
004117
001119
000705
120801961
004143
141800
000416
001336
000761
001937
20110920
000717
24851983920
100001289
000395
004267
000606
003085
100001676
001022
001096
100001107
002004
004096
100001305
19319200
100001680
004694
002003
002170
004003
001623
100001127
001973
100001175
000650
000563
100001366
002030
004511
001505
004161
100001510
100000981
137901840
002322
001646
004480
100001429
004158
100001297
2545920920
004494
100000941
004614
100001323
052255969
004293
004577
000722
236899952
100001154
003139
144820271840
100000910
100001456
001406
100000636
002484
001187
100001047
002975
100001334
004240
1456920920
003284
146527600
100001165
100001288
000695
100000956
000518
100000820
000503
004048
100001279
001734
100000817
001974
004695
004194
002221
000213
100001373
100001419
000049
003525
004604
100001639
001053
100001131
001945
227918401795
002992
001383
004255
134622731
100001007
001028
000463
100000816
100001584
1820920920
000447
255927602345
004433
000269
004703
004363
000869
000569
100000874
004291
14522983920
100001333
004555
002272
257100
004300
001285
000363
001799
100001328
001901
100001061
004514
001182
004230
004682
004645
000857
004386
182118401840
144320271840
100000794
100001053
121218400
004090
000712
000337
100001455
000742
000819
003060
256027602345
256027601840
001902
000307
004098
100000836
100001314
000931
100000804
003132
004252
145918402218
004266
002850
003472
004546
001750
1120920920
100001153
004339
004216
100000855
004261
000143
001986
100001112
001254
004725
100001504
001140
000658
100001258
201002250
100000637
004124
003143
000963
100001450
001017
184900
004083
004502
100001062
100001277
001943
100001547
1249200
100001332
100001546
003302
001865
004421
004484
100000706
100000963
100001256
000854
13979200
004574
100001027
004698
000251
004107
001280
144200
003349
000787
004043
100000645
004432
24689200
000108
001957
18209200
001801
100001090
000277
145918401840
100001511
001148
001820
100000678
002071
004323
011565354
141818402129
000263
004548
004507
000767
100000759
100001362
004356
11209201840
100000630
003083
001063
003366
100001417
002032
000283
002789
100001029
100000993
14522760920
201001840
004706
20092760920
000294
004515
000476
000835
004429
002330
100001250
001361
004575
000296
135700
004722
002751
000938
100001044
000387
100001252
100001346
100000966
001213
114918401797
000613
13992364920
100000859
100001315
100000770
001740
100001014
004292
001129
002641
002593
100000806
100000692
100000911
000785
100001601
100000685
100001451
002559
100000676
229301796
001348
001701
16321630
001009
100001037
14652984920
13990920
004572
004554
004336
000964
139718400
004138
100001532
000441
14480920
004364
001783
000872
100001365
256218401840
002585
100000983
001739
001691
100000701
003260
000418
001107
000769
002678
004463
001297
004345
004709
004078
003061
100001571
000329
002126
100001035
100000833
100001439
002038
100001607
100000657
135718402128
100001133
100001543
100001628
004304
142000
139723640
003211
003511
100001387
1099200
126920920
004491
100001506
100001292
100001181
004295
137800
004218
003149
004729
100001099
255727602345
100000972
004072
100000839
000091
000260
000452
004474
1920920920
137400
146527602218
004183
001611
000379
001064
004585
139923641840
000540
100001013
004394
100000681
100001011
000439
100000649
004207
001172
004535
100001567
100001555
100001329
002739
000852
004060
111800
004444
100000897
001916
000280
000145
143801840
100001311
100001272
001337
004279
100000642
000897
000197
100000732
001460
003819
000636
100001056
003271
227900
000690
100000878
004145
004716
004084
001659
001830
000673
100001380
100001447
001256
000554
14461840920
000351
001853
000222
100001574
004340
100001631
2010920920
000053
100000932
146529841840
20109202250
000096
14389201884
100001351
100000844
004093
004248
132701840
000825
128018401840
100000764
100001486
004389
001906
000268
004512
100001228
144718401884
100001336
002689
004129
000196
001200
549965851
100001290
000499
000475
000304
004674
004726
100001635
001929
001234
100001026
256402345
000402
000292
100001400
002658
004065
100001255
100000774
100001273
100000895
000159
100001267
001237
003464
18481840920
100001015
100000970
145227600
004214
000822
76401748
001257
100001055
000011
100001388
100000914
000974
001061
003100
004438
100001269
004146
004405
000266
003702
001837
000012
2000000018
004477
000807
002511
004606
000489
100001623
100001603
004435
100000749
003351
004324
100001436
100000978
14200920
144718401840
002200
000478
001334
100001132
003187
100001487
001235
000073
000801
002684
001101
001325
100001597
000642
100001091
004390
144701840
004621
12171963920
5350920
100001383
12171840920
004459
000076
257427600
001574
004232
11551903920
100000913
004325
100000960
100001179
100000756
004114
001133
9271840920
003320
001139
000528
100001433
100000872
000815
002759
100001155
003279
004373
100001428
000611
100000962
000460
100001120
100000689
004387
100001214
000564
002503
002550
000848
000669
000572
004653
004047
001217
100001117
100000674
003304
000136
100000814
25459200
001395
000665
000874
003078
100000690
000138
192618400
100001089
100001121
141602129
135123640
2000
000883
004407
100001295
100000858
003253
100001544
004704
100001265
000846
004570
036712758
000575
004677
145620270
100001019
004185
100001370
004678
185501979
000645
100001033
004321
100001412
000186
115801798
001822
004718
000141
002058
25550920
000913
001917
004519
724317763
14439200
000782
002080
1438920920
100001040
002476
004567
004355
100001206
100000775
001199
000505
002114
004505
13720920
100001067
002502
004603
100001608
18960920
000523
100001488
100001497
002105
004068
100001489
004655
000561
100000943
004634
000954
146529840
004609
24609200
000514
000187
004111
100001442
004509
100001496
000045
000850
002494
000376
004409
000206
000380
004717
004667
001600
002162
100001638
100000961
000667
100001262
100001501
100000912
000487
100001232
100001375
100000857
001102
000133
100001347
655475332
004524
004199
001744
144800
143820270
002333
000704
000995
002437
131102128
000623
002479
003094
004241
100001580
004317
100001379
003098
256227602345
001802
229201796
100000712
9271939920
002524
100001077
12089201961
004513
004156
000436
100001526
004362
001813
000139
002838
100001126
100001672
121719631840
000635
004270
100000734
100000722
004038
000830
100001291
004401
004251
132718400
100000790
001935
231230968
100001167
100000768
100001632
004127
001294
000278
100001307
000524
100000791
100000926
100000955
000316
000890
001773
001794
004623
137823641840
100001477
004283
100001534
100001231
004665
000384
000448
100001064
100000862
004027
001748
001975
12089201840
100000758
100000969
11490920
12400
100001063
100000773
000090
100001563
003755
100000868
145420271840
257127601834
100000965
2000000019
100001010
10718400
004163
100001169
250518401497
100001514
001549
13519201840
000180
001066
100001193
004637
000660
100001087
182518400
004067
100000848
004028
004649
002726
10900
100001171
000035
100001360
135723642128
100001192
100001449
256000
100001558
002734
100000979
001305
100000789
004142
004690
100001588
14592760920
000605
100000810
000099
100001576
100001548
004628
18311840920
001772
100001542
000925
100001595
000373
145927600
100001671
000903
100001440
191800
000628
209202001
001888
001836
004592
100001385
004615
000100
000050
100001422
228118400
000574
000898
000194
254527600
120800
16301676
100001640
100001356
100001537
000828
000315
18582012920
001108
000412
100000763
001229
145618401840
001803
002634
000427
004381
100001304
100000809
004693
002417
001197
002864
000754
100000684
1856920920
003305
100000886
22799200
003232
001191
004173
002239
000109
100000934
000592
004680
001613
000622
20091840920
24602263920
004280
100000660
100000989
100001612
9279201741
001103
100000915
128148936
100000733
000431
100001367
14462027920
000232
000779
004376
24859201497
001810
149226524
004558
004532
000146
000348
100001208
000160
100001459
24870920
100001350
189618401840
100001173
004646
100001266
209201840
000559
004736
001584
000399
100000824
100001339
000391
001559
14180920
100001513
001790
182818401840
100001238
000654
004439
000449
000631
001044
001081
004601
100001240
100001039
100000901
000107
004458
004658
100000999
001365
000764
100001368
100001527
001283
003301
253800
100000907
100001005
145027600
003073
001046
001434
000553
100000896
002325
004687
100001472
004400
100001653
100001331
002171
100001500
000870
100001330
100000634
000621
22782665920
256001840
000306
001357
002767
100001210
256232072345
000784
004301
144318400
100000826
003135
256201840
100001340
000504
001988
100000711
100001502
004274
100000931
004541
000823
000033
000765
003308
001693
001554
000921
191901979
004663
000214
003072
100001533
1818401840
25609201840
100001404
128423610
100000646
182520111840
100000776
004237
000085
001674
001039
100001498
000715
117800
100001606
000023
100001629
14561840920
000360
002675
100001344
000364
146702219
000068
001924
001042
002730
200927602252
000728
248518401497
100001221
001125
100001630
182000
100001665
001648
003283
000741
004284
100000672
002779
000672
001621
100001176
100001318
002922
004306
001933
144818400
000496
254500
100001471
143801884
256202345
146727602219
100001374
000727
100001065
100001213
000430
004057
001786
002301
000349
004398
000809
001253
002766
001532
100001481
002526
001209
001966
001351
000466
000040
001798
003176
004005
000797
001244
25741840920
001196
000598
003831
001745
000577
000641
100001223
000679
100001679
002705
100001470
19072012920
18569201840
000856
002688
001272
000609
100001085
002342
145229831840
25450920
136102128
001970
000711
100001227
004045
004308
004353
100000922
100000799
178801634
000421
000646
100001554
004611
100001591
004034
002583
100001524
100001599
001035
004454
100001113
000896
000560
100001188
000129
000827
100000755
100001443
100001648
004625
25712760920
000293
002951
100001494
004531
000547
004522
003969
100001468
100001516
100001394
004455
100000726
000810
001958
100000677
000864
002749
002276
100001565
100000710
255727600
100000670
001097
100000894
002834
004374
003551
000634
251318400
002091
100001378
100000698
12851840920
12121840920
002821
004361
003225
100000673
185818400
2560920920
004487
004708
000904
002815
100000738
002056
000805
146727601840
100001254
100000840
100001637
000255
100001233
001047
002685
003234
000516
004599
13722365920
000121
004126
255501840
12080920
002497
004408
001202
000539
001329
100001407
004135
100000640
003690
000221
135723641840
000279
000946
059014354
004220
100000691
100001390
000773
001179
100000937
100001186
004062
004481
13789201840
001304
100001246
000562
000017
000056
256232071840
001989
004413
100000944
100001578
004590
004151
1441920920
000644
001580
004222
2000000008
100000748
24680920
004066
000224
003228
000382
001994
147218400
001391
100001647
18561840920
000816
001211
003120
000281
004205
001608
100001673
100001018
002057
20101840920
100000952
000795
193100
004540
004352
100000781
100001560
322795354
000920
000865
004538
002081
000834
14182364920
001955
100001386
002930
001882
100001284
100001349
100000947
000483
000468
13571840920
001763
144120270
18289201978
100000647
100001111
001800
004446
145200
100000787
100000921
100001539
001192
001776
004113
100001674
100001661
001062
000607
000666
22929201796
100001149
189601840
143800
000878
002842
227000
002241
100001296
100001414
003357
001829
100000865
001085
100001499
000674
000207
100001300
002889
100001650
100001492
000027
002163
000047
139918400
100001138
002100
100001564
002102
100000930
001349
100001313
201027600
100000831
100001352
004696
100000754
004239
100001274
184818400
000723
001353
100000951
100001432
000597
100001309
000758
1420920920
100000658
100000729
001985
001291
100001552
000934
100001614
100001521
000947
100001237
003691
100000813
000344
000842
100000747
002409
003389
100001549
100001382
002718
100000846
100000959
002841
003108
002228
004688
000459
001741
100001402
000643
000201
004451
003218
004319
003966
2000000007
001877
003206
000818
100000720
003175
000687
256032062345
004440
001831
004393
14419201840
001583
001602
14431840920
18259200
002772
002067
100001613
000037
004576
004175
100001579
001863
004053
004733
100000723
100000919
002693
003311
100000675
100001353
001250
004483
002029
001780
003204
146527601840
100000821
000617
100000683
000891
004367
18589200
004447
000684
004253
100001009
004064
000357
100001310
19319201595
143820271840
000248
004320
001952
724521683
191901840
004086
100000950
004500
100001361
100001324
100001268
004639
004525
000664
100001299
100001338
100000875
100001088
002129
127802128
001934
100001043
000587
001170
003071
100001094
100001286
004659
004071
12618400
20109201840
100001649
2489920920
51301799
004037
24851840920
100001392
004662
001246
100001618
100001598
004411
100000745
000098
003312
14209200
100001381
100001411
001276
000602
004123
100001190
100001306
000841
1357920920
128018402128
001891
002117
643503792
004341
18489201979
004647
000507
004712
100000750
004579
004208
004092
100000780
25600920
100000760
145218400
100000805
002836
11589201798
001793
100000976
004179
100001002
001060
004528
001208
24879201498
003494
000710
004479
004650
000732
100001075
001771
004473
004689
000361
100000988
13789200
254532051840
003202
145029820
001752
1149920920
000267
100001557
000282
002068
100001276
000716
100001320
000190